       0.00000       0.00000     0.99875E-01    -0.25387E+00
       0.00000       0.06283     0.10800E+00    -0.26200E+00
       0.00000       0.12566     0.12314E+00    -0.27714E+00
       0.00000       0.18850     0.12009E+00    -0.27409E+00
       0.00000       0.25133     0.98870E-01    -0.25287E+00
       0.00000       0.31416     0.11571E+00    -0.26971E+00
       0.00000       0.37699     0.10782E+00    -0.26182E+00
       0.00000       0.43982     0.10883E+00    -0.26283E+00
       0.00000       0.50266     0.90012E-01    -0.24401E+00
       0.00000       0.56549     0.13275E+00    -0.28675E+00
       0.00000       0.62832     0.13722E+00    -0.29122E+00
       0.00000       0.69115     0.10153E+00    -0.25553E+00
       0.00000       0.75398     0.10662E+00    -0.26062E+00
       0.00000       0.81682     0.13959E+00    -0.29359E+00
       0.00000       0.87965     0.14321E+00    -0.29721E+00
       0.00000       0.94248     0.11219E+00    -0.26619E+00
       0.00000       1.00531     0.10971E+00    -0.26371E+00
       0.00000       1.06814     0.10588E+00    -0.25988E+00
       0.00000       1.13098     0.12479E+00    -0.27879E+00
       0.00000       1.19381     0.13820E+00    -0.29220E+00
       0.00000       1.25664     0.98334E-01    -0.25233E+00
       0.00000       1.31947     0.11939E+00    -0.29218E+00
       0.00000       1.38230     0.10921E+00    -0.26321E+00
       0.00000       1.44514     0.11047E+00    -0.26447E+00
       0.00000       1.50797     0.15289E+00    -0.30689E+00
       0.00000       1.57080     0.10165E+00    -0.25565E+00
       0.00000       1.63363     0.11229E+00    -0.26629E+00
       0.00000       1.69646     0.14456E+00    -0.29856E+00
       0.00000       1.75930     0.13607E+00    -0.29007E+00
       0.00000       1.82213     0.10581E+00    -0.25981E+00
       0.00000       1.88496     0.14452E+00    -0.29852E+00
       0.00000       1.94779     0.11974E+00    -0.27374E+00
       0.00000       2.01062     0.13160E+00    -0.28560E+00
       0.00000       2.07346     0.12486E+00    -0.27886E+00
       0.00000       2.13629     0.13399E+00    -0.28799E+00
       0.00000       2.19912     0.12373E+00    -0.27773E+00
       0.00000       2.26195     0.10634E+00    -0.26034E+00
       0.00000       2.32478     0.12820E+00    -0.28220E+00
       0.00000       2.38762     0.11839E+00    -0.27239E+00
       0.00000       2.45045     0.12918E+00    -0.28318E+00
       0.00000       2.51328     0.13474E+00    -0.28874E+00
       0.00000       2.57611     0.11283E+00    -0.26683E+00
       0.00000       2.63894     0.10950E+00    -0.26350E+00
       0.00000       2.70178     0.14341E+00    -0.29741E+00
       0.00000       2.76461     0.11860E+00    -0.27260E+00
       0.00000       2.82744     0.13190E+00    -0.28590E+00
       0.00000       2.89027     0.11076E+00    -0.26476E+00
       0.00000       2.95310     0.12576E+00    -0.27976E+00
       0.00000       3.01594     0.10207E+00    -0.25607E+00
       0.00000       3.07877     0.17895E+00    -0.33295E+00
       0.00000       3.14160     0.10304E+00    -0.25704E+00
       0.00000       3.20443     0.13299E+00    -0.28699E+00
       0.00000       3.26726     0.10169E+00    -0.25569E+00
       0.00000       3.33010     0.13096E+00    -0.28496E+00
       0.00000       3.39293     0.12343E+00    -0.27743E+00
       0.00000       3.45576     0.11126E+00    -0.26526E+00
       0.00000       3.51859     0.96935E-01    -0.25094E+00
       0.00000       3.58142     0.14706E+00    -0.30106E+00
       0.00000       3.64426     0.16206E+00    -0.31606E+00
       0.00000       3.70709     0.16567E+00    -0.31967E+00
       0.00000       3.76992     0.11366E+00    -0.26766E+00
       0.00000       3.83275     0.12094E+00    -0.27494E+00
       0.00000       3.89558     0.10713E+00    -0.26113E+00
       0.00000       3.95842     0.10466E+00    -0.25866E+00
       0.00000       4.02125     0.11816E+00    -0.27216E+00
       0.00000       4.08408     0.11703E+00    -0.27103E+00
       0.00000       4.14691     0.96814E-01    -0.25081E+00
       0.00000       4.20974     0.11807E+00    -0.27207E+00
       0.00000       4.27258     0.10168E+00    -0.25568E+00
       0.00000       4.33541     0.11670E+00    -0.27070E+00
       0.00000       4.39824     0.12380E+00    -0.27780E+00
       0.00000       4.46107     0.12534E+00    -0.27934E+00
       0.00000       4.52390     0.13234E+00    -0.28634E+00
       0.00000       4.58674     0.12092E+00    -0.27492E+00
       0.00000       4.64957     0.15791E+00    -0.31191E+00
       0.00000       4.71240     0.12937E+00    -0.28337E+00
       0.00000       4.77523     0.11320E+00    -0.26720E+00
       0.00000       4.83806     0.12202E+00    -0.27602E+00
       0.00000       4.90090     0.12790E+00    -0.28190E+00
       0.00000       4.96373     0.11791E+00    -0.27191E+00
       0.00000       5.02656     0.14084E+00    -0.29484E+00
       0.00000       5.08939     0.12668E+00    -0.28068E+00
       0.00000       5.15222     0.12917E+00    -0.28317E+00
       0.00000       5.21506     0.14319E+00    -0.29719E+00
       0.00000       5.27789     0.10009E+00    -0.25409E+00
       0.00000       5.34072     0.12089E+00    -0.27489E+00
       0.00000       5.40355     0.13974E+00    -0.29374E+00
       0.00000       5.46638     0.12218E+00    -0.27618E+00
       0.00000       5.52922     0.10596E+00    -0.25996E+00
       0.00000       5.59205     0.11727E+00    -0.27127E+00
       0.00000       5.65488     0.13370E+00    -0.28770E+00
       0.00000       5.71771     0.10638E+00    -0.26038E+00
       0.00000       5.78054     0.11332E+00    -0.26732E+00
       0.00000       5.84338     0.12629E+00    -0.28029E+00
       0.00000       5.90621     0.14335E+00    -0.29735E+00
       0.00000       5.96904     0.11870E+00    -0.27270E+00
       0.00000       6.03187     0.13547E+00    -0.28947E+00
       0.00000       6.09470     0.13401E+00    -0.28801E+00
       0.00000       6.15754     0.14032E+00    -0.29432E+00
       0.00000       6.22037     0.12420E+00    -0.27820E+00
       0.00000       6.28320     0.13163E+00    -0.28563E+00
       1.00000       0.00000     0.18775E+00    -0.34175E+00
       1.00000       0.06283     0.17452E+00    -0.32852E+00
       1.00000       0.12566     0.18843E+00    -0.34243E+00
       1.00000       0.18850     0.19277E+00    -0.34677E+00
       1.00000       0.25133     0.17839E+00    -0.33239E+00
       1.00000       0.31416     0.19071E+00    -0.34471E+00
       1.00000       0.37699     0.16664E+00    -0.32064E+00
       1.00000       0.43982     0.19280E+00    -0.34680E+00
       1.00000       0.50266     0.19316E+00    -0.34716E+00
       1.00000       0.56549     0.19796E+00    -0.35196E+00
       1.00000       0.62832     0.19091E+00    -0.34491E+00
       1.00000       0.69115     0.20413E+00    -0.35813E+00
       1.00000       0.75398     0.18441E+00    -0.33841E+00
       1.00000       0.81682     0.18406E+00    -0.33806E+00
       1.00000       0.87965     0.18324E+00    -0.33724E+00
       1.00000       0.94248     0.19681E+00    -0.35081E+00
       1.00000       1.00531     0.18768E+00    -0.34168E+00
       1.00000       1.06814     0.18712E+00    -0.34112E+00
       1.00000       1.13098     0.18751E+00    -0.34151E+00
       1.00000       1.19381     0.18982E+00    -0.34382E+00
       1.00000       1.25664     0.18794E+00    -0.34194E+00
       1.00000       1.31947     0.18202E+00    -0.35609E+00
       1.00000       1.38230     0.20054E+00    -0.35454E+00
       1.00000       1.44514     0.18446E+00    -0.33846E+00
       1.00000       1.50797     0.18263E+00    -0.33663E+00
       1.00000       1.57080     0.18939E+00    -0.34339E+00
       1.00000       1.63363     0.18674E+00    -0.34074E+00
       1.00000       1.69646     0.19153E+00    -0.34553E+00
       1.00000       1.75930     0.19557E+00    -0.34957E+00
       1.00000       1.82213     0.18554E+00    -0.33954E+00
       1.00000       1.88496     0.19208E+00    -0.34608E+00
       1.00000       1.94779     0.18480E+00    -0.33880E+00
       1.00000       2.01062     0.18913E+00    -0.34313E+00
       1.00000       2.07346     0.19197E+00    -0.34597E+00
       1.00000       2.13629     0.19563E+00    -0.34963E+00
       1.00000       2.19912     0.18710E+00    -0.34110E+00
       1.00000       2.26195     0.17963E+00    -0.33363E+00
       1.00000       2.32478     0.18733E+00    -0.34133E+00
       1.00000       2.38762     0.19227E+00    -0.34627E+00
       1.00000       2.45045     0.19191E+00    -0.34591E+00
       1.00000       2.51328     0.20016E+00    -0.35416E+00
       1.00000       2.57611     0.18791E+00    -0.34191E+00
       1.00000       2.63894     0.19644E+00    -0.35044E+00
       1.00000       2.70178     0.18772E+00    -0.34172E+00
       1.00000       2.76461     0.17603E+00    -0.33003E+00
       1.00000       2.82744     0.16692E+00    -0.32092E+00
       1.00000       2.89027     0.18440E+00    -0.33840E+00
       1.00000       2.95310     0.16870E+00    -0.32270E+00
       1.00000       3.01594     0.19100E+00    -0.34500E+00
       1.00000       3.07877     0.18474E+00    -0.33875E+00
       1.00000       3.14160     0.20773E+00    -0.36173E+00
       1.00000       3.20443     0.18739E+00    -0.34139E+00
       1.00000       3.26726     0.18777E+00    -0.34177E+00
       1.00000       3.33010     0.18168E+00    -0.33568E+00
       1.00000       3.39293     0.18552E+00    -0.33952E+00
       1.00000       3.45576     0.17932E+00    -0.33332E+00
       1.00000       3.51859     0.18780E+00    -0.34180E+00
       1.00000       3.58142     0.19259E+00    -0.34659E+00
       1.00000       3.64426     0.18491E+00    -0.33891E+00
       1.00000       3.70709     0.18547E+00    -0.33947E+00
       1.00000       3.76992     0.18154E+00    -0.33554E+00
       1.00000       3.83275     0.18308E+00    -0.33708E+00
       1.00000       3.89558     0.17831E+00    -0.33231E+00
       1.00000       3.95842     0.18975E+00    -0.34375E+00
       1.00000       4.02125     0.20026E+00    -0.35426E+00
       1.00000       4.08408     0.18872E+00    -0.34272E+00
       1.00000       4.14691     0.18912E+00    -0.34312E+00
       1.00000       4.20974     0.17692E+00    -0.33092E+00
       1.00000       4.27258     0.19222E+00    -0.34622E+00
       1.00000       4.33541     0.18504E+00    -0.33904E+00
       1.00000       4.39824     0.19274E+00    -0.34674E+00
       1.00000       4.46107     0.17911E+00    -0.33311E+00
       1.00000       4.52390     0.18524E+00    -0.33924E+00
       1.00000       4.58674     0.18373E+00    -0.33773E+00
       1.00000       4.64957     0.19276E+00    -0.34676E+00
       1.00000       4.71240     0.20655E+00    -0.36055E+00
       1.00000       4.77523     0.18762E+00    -0.34162E+00
       1.00000       4.83806     0.18611E+00    -0.34011E+00
       1.00000       4.90090     0.19230E+00    -0.34630E+00
       1.00000       4.96373     0.17803E+00    -0.33203E+00
       1.00000       5.02656     0.18376E+00    -0.33776E+00
       1.00000       5.08939     0.19234E+00    -0.34634E+00
       1.00000       5.15222     0.19271E+00    -0.34671E+00
       1.00000       5.21506     0.16932E+00    -0.32332E+00
       1.00000       5.27789     0.18821E+00    -0.34221E+00
       1.00000       5.34072     0.18926E+00    -0.34326E+00
       1.00000       5.40355     0.18358E+00    -0.33758E+00
       1.00000       5.46638     0.18347E+00    -0.33747E+00
       1.00000       5.52922     0.16987E+00    -0.32387E+00
       1.00000       5.59205     0.16967E+00    -0.32367E+00
       1.00000       5.65488     0.16998E+00    -0.32398E+00
       1.00000       5.71771     0.20175E+00    -0.35575E+00
       1.00000       5.78054     0.18268E+00    -0.33668E+00
       1.00000       5.84338     0.18104E+00    -0.33504E+00
       1.00000       5.90621     0.18012E+00    -0.33412E+00
       1.00000       5.96904     0.18382E+00    -0.33782E+00
       1.00000       6.03187     0.17706E+00    -0.33106E+00
       1.00000       6.09470     0.19384E+00    -0.34784E+00
       1.00000       6.15754     0.19522E+00    -0.34922E+00
       1.00000       6.22037     0.17922E+00    -0.33322E+00
       1.00000       6.28320     0.18185E+00    -0.33585E+00
